1 2 1
1 3 8
1 4 10
3 4 6
1 5 1
1 6 1
1 7 1
1 8 1
1 9 2
1 10 1
11 12 1
4 12 3
3 12 3
1 12 5
12 13 1
12 14 1
12 15 1
12 16 1
17 18 4
17 19 4
18 19 4
17 20 4
18 20 4
19 20 4
17 21 3
18 21 3
19 21 3
20 21 4
17 22 3
18 22 3
19 22 3
20 22 3
21 22 5
17 23 3
18 23 3
19 23 3
20 23 3
21 23 4
22 23 4
17 24 3
18 24 3
19 24 3
20 24 3
21 24 4
22 24 4
23 24 4
13 24 2
12 24 9
24 25 2
12 25 7
25 26 13
24 26 1
12 26 12
25 27 4
12 27 31
17 27 1
26 27 1
12 28 17
24 28 5
26 28 5
25 28 1
27 28 1
12 29 8
28 29 1
24 30 1
28 30 1
12 30 2
24 31 1
31 32 2
12 32 3
24 32 2
28 32 1
12 33 1
12 34 2
28 34 1
12 35 3
30 35 2
12 36 3
35 36 3
30 36 2
35 37 2
36 37 2
12 37 2
30 37 1
35 38 2
36 38 2
37 38 2
12 38 2
30 38 1
35 39 2
36 39 2
37 39 2
38 39 2
12 39 2
30 39 1
26 40 1
26 41 1
25 42 2
26 42 3
42 43 2
26 43 2
25 43 1
12 44 3
27 44 1
28 44 1
29 45 3
12 45 1
29 46 2
47 48 1
48 49 2
26 49 1
28 49 1
12 49 1
27 50 3
12 50 2
50 51 1
25 51 1
50 52 9
27 52 2
12 52 2
52 53 1
40 53 1
52 54 1
52 55 2
50 55 1
27 55 1
52 56 6
50 56 12
40 56 1
55 56 1
27 56 21
12 56 19
17 56 1
26 56 2
42 56 5
49 56 4
50 57 1
56 57 1
56 58 1
42 58 1
49 58 1
56 59 7
49 59 7
28 59 6
58 59 1
12 59 4
59 60 15
56 60 5
49 60 6
58 60 2
49 61 1
59 61 4
60 61 2
49 62 2
59 62 6
61 62 2
60 62 5
58 62 1
56 62 1
56 63 9
59 63 17
60 63 13
49 63 7
58 63 2
42 63 1
62 63 6
61 63 3
60 64 5
49 64 5
63 64 6
58 64 2
59 64 4
62 64 3
61 64 2
56 64 1
56 65 5
63 65 12
49 65 5
64 65 4
59 65 10
62 65 6
61 65 2
60 65 9
58 65 1
12 65 1
64 66 5
65 66 7
49 66 3
63 66 5
59 66 5
62 66 5
61 66 2
60 66 5
58 66 1
56 66 2
65 67 3
59 67 3
60 67 1
63 67 2
66 67 2
49 67 1
64 67 1
62 67 1
61 67 1
58 68 3
26 69 5
12 69 1
25 69 1
28 69 1
49 69 1
42 69 1
26 70 6
69 70 6
12 70 1
25 70 1
28 70 2
49 70 1
42 70 1
26 71 4
70 71 4
69 71 4
12 71 1
25 71 1
28 71 1
42 71 1
59 71 1
28 72 1
70 72 2
69 72 2
71 72 2
12 72 1
49 72 1
42 72 1
26 72 1
27 73 2
28 73 1
12 73 1
49 74 2
49 75 2
74 75 3
70 76 3
69 76 3
26 76 3
49 76 1
42 76 1
71 76 1
72 76 1
65 77 1
66 77 1
67 77 1
64 77 1
63 77 1
49 77 1
59 77 1
