7 9
8 9
9 10
10 11
6 14
13 14
14 15
14 16
15 17
15 18
19 20
20 21
15 30
34 35
35 36
36 37
37 38
37 39
37 40
42 43
37 48
45 48
46 48
47 48
11 51
22 52
25 54
26 59
42 59
59 60
60 61
10 62
32 63
64 69
65 69
66 69
36 70
67 70
69 70
68 71
70 71
73 74
10 76
49 76
77 78
79 80
80 81
82 83
14 84
72 87
77 87
5 89
56 89
88 89
88 90
89 91
74 92
12 95
27 95
44 95
93 95
94 95
95 96
35 98
41 98
29 99
43 99
58 99
75 99
83 99
99 101
100 101
49 102
32 105
49 107
56 108
71 109
55 110
79 110
77 111
87 111
53 112
73 113
113 114
115 116
109 117
117 118
117 119
53 120
57 120
6 121
52 121
122 123
31 124
93 124
102 124
123 124
12 126
99 126
96 130
114 130
127 130
128 130
129 130
20 131
30 131
27 132
95 132
99 136
26 137
27 140
51 140
132 140
139 140
31 141
103 141
124 141
139 141
140 141
36 142
141 142
36 143
142 143
139 144
97 145
104 146
137 147
15 148
55 148
97 149
112 149
120 149
57 150
139 151
86 152
144 152
57 153
104 154
125 154
147 154
61 155
63 155
154 155
33 156
155 156
154 157
37 158
154 158
155 158
154 159
155 160
30 161
28 162
44 164
163 164
164 165
163 166
28 167
42 168
59 168
78 171
169 171
170 171
48 172
96 172
171 172
53 173
89 173
125 174
155 174
33 175
93 175
105 175
57 176
120 176
22 177
167 177
89 179
108 179
178 179
178 180
178 181
43 182
151 182
47 185
81 185
106 185
183 185
184 185
77 186
107 187
141 187
170 188
186 188
62 189
157 190
175 190
19 191
104 191
78 192
151 192
164 192
112 193
145 193
158 194
193 194
52 195
125 195
146 195
89 196
146 197
162 197
57 199
89 199
150 199
153 199
21 200
81 200
180 200
185 201
199 201
198 202
199 202
200 202
41 203
144 203
27 204
112 205
196 205
10 206
51 206
99 206
116 206
139 206
189 206
180 207
109 208
117 208
130 208
206 208
207 208
10 209
126 209
62 210
102 211
211 212
211 213
211 214
73 216
113 216
215 216
42 219
84 219
218 219
84 222
221 222
105 223
135 223
138 224
72 225
138 225
220 225
217 226
222 226
170 228
224 228
188 229
217 229
138 230
169 230
227 230
188 231
227 231
54 232
74 232
42 233
125 233
144 235
234 235
130 236
135 237
136 237
237 238
240 241
242 243
246 248
247 248
249 251
250 251
239 253
252 253
253 254
255 256
247 258
257 260
258 260
261 262
262 263
262 268
267 268
269 270
271 275
272 275
273 275
274 275
275 276
250 281
280 281
265 282
280 283
243 285
255 285
283 285
284 285
256 286
285 286
277 287
261 288
252 290
253 290
289 291
292 293
280 296
283 296
285 297
296 297
247 299
279 299
294 299
256 300
259 300
299 300
295 301
298 301
280 303
283 303
296 303
302 303
250 306
281 306
285 306
305 306
259 307
286 307
306 307
304 308
266 309
298 309
258 311
259 312
311 312
250 313
281 313
250 314
280 314
281 314
283 314
296 314
303 314
306 314
313 314
278 315
315 316
241 317
286 317
300 317
304 317
307 317
316 317
239 319
318 319
252 320
320 321
264 322
321 322
253 323
320 323
309 324
275 326
293 326
325 326
315 327
241 328
328 329
255 330
248 331
330 331
240 334
333 334
262 335
265 335
282 335
245 336
279 336
299 336
291 337
319 337
241 338
254 338
317 338
337 338
337 339
339 340
298 341
309 341
332 341
341 342
244 343
278 343
299 344
343 344
263 345
312 345
263 346
312 346
270 347
342 347
261 351
267 351
350 351
242 352
277 352
288 352
335 353
348 353
349 353
352 353
310 354
333 354
240 355
354 355
244 356
333 356
343 356
354 356
316 357
356 357
331 358
310 359
250 361
258 361
281 361
245 362
360 362
270 363
275 363
293 363
300 363
362 363
243 364
243 365
243 366
297 366
243 367
285 367
252 368
258 369
311 369
261 370
351 370
252 371
320 371
368 371
247 372
273 373
336 374
354 375
253 377
358 378
247 379
279 379
372 379
376 379
328 380
332 381
258 382
361 382
261 383
384 385
1 387
386 387
387 388
391 392
392 393
385 394
392 395
1 396
394 396
394 397
397 398
397 399
397 400
397 401
393 403
402 403
403 404
405 406
393 407
406 407
408 409
392 410
403 412
411 412
414 415
414 416
417 418
396 420
397 421
419 422
420 422
421 422
392 424
393 426
415 426
425 426
385 427
421 427
426 427
427 428
384 430
389 431
417 431
424 431
406 432
410 432
432 433
432 434
403 436
435 436
393 437
403 437
433 437
390 438
409 438
403 440
423 440
439 440
431 442
441 442
395 443
442 443
425 444
417 445
425 445
384 446
387 446
387 447
430 447
385 448
394 448
427 448
449 450
417 451
1 452
409 452
414 453
429 453
452 454
384 455
384 456
455 456
409 457
420 457
395 458
406 458
414 460
429 460
456 460
406 461
458 461
436 462
459 462
384 463
414 463
454 464
414 465
444 465
450 466
457 466
443 467
450 468
464 468
414 469
444 469
451 469
417 470
431 470
465 470
430 471
455 471
432 473
439 473
472 473
413 474
439 474
477 478
479 480
478 481
480 481
475 482
480 482
478 485
484 485
483 486
485 486
486 487
483 490
486 490
482 492
488 492
479 493
481 494
485 494
493 494
483 495
487 495
483 496
92 497
485 497
496 497
486 498
493 498
479 499
486 499
215 500
497 500
501 502
503 505
504 505
512 513
512 514
516 520
517 521
518 521
519 521
520 521
117 523
522 523
505 524
524 525
524 526
527 528
525 529
529 530
526 531
529 531
531 532
524 533
527 533
533 534
512 535
536 537
537 538
512 539
535 539
507 540
508 540
540 541
540 542
540 543
540 544
540 545
510 546
544 546
545 546
507 547
508 547
506 549
533 549
548 549
502 550
549 550
512 551
535 551
543 551
506 552
512 552
539 552
549 552
551 552
549 553
547 554
547 555
548 556
553 556
554 556
555 556
505 557
533 557
537 558
547 559
558 559
536 560
547 560
511 562
544 562
545 562
561 562
559 563
557 564
558 564
563 564
505 565
533 565
507 566
509 566
544 566
508 567
509 567
545 567
533 569
549 569
568 569
541 570
542 570
502 571
523 571
534 571
570 571
510 572
510 573
502 574
533 574
536 575
578 579
577 583
583 584
583 585
582 586
585 586
587 588
590 591
590 592
593 594
579 595
590 595
595 596
595 597
589 598
593 598
598 599
598 600
598 601
598 602
598 603
604 605
605 606
605 607
609 610
579 611
608 611
610 611
610 612
583 613
613 614
586 615
614 615
616 617
588 619
618 619
615 620
598 621
622 623
588 625
624 625
577 626
582 627
620 627
595 629
628 629
593 631
630 631
632 633
633 635
634 635
615 637
636 637
617 640
633 640
639 640
577 641
613 641
641 642
644 645
583 646
646 647
637 649
645 649
648 649
650 651
585 653
623 654
640 654
652 654
653 654
625 656
655 656
576 658
598 658
605 658
610 658
606 659
629 659
643 659
657 659
658 659
576 660
576 661
610 663
662 663
580 665
664 665
606 667
666 667
585 668
619 669
625 669
633 669
668 669
588 670
656 670
638 672
585 673
672 673
673 674
673 675
615 677
676 677
588 680
679 680
585 681
653 681
668 681
640 682
680 682
681 682
681 683
681 684
640 686
654 686
682 686
685 686
645 688
682 688
687 688
633 690
656 690
689 690
605 692
663 692
691 692
590 693
667 693
681 694
693 695
695 696
631 697
658 697
697 698
699 700
613 701
580 703
676 703
682 703
701 703
702 703
588 704
646 705
671 705
595 706
707 708
625 709
682 709
638 710
707 710
710 711
659 713
712 713
638 714
672 714
705 714
714 715
716 717
633 719
669 719
718 719
581 721
678 721
717 721
720 721
611 723
713 723
722 723
723 724
581 726
617 726
635 726
640 726
651 726
654 726
678 726
721 726
725 726
653 727
668 727
681 727
693 727
695 727
726 727
721 728
638 729
699 729
729 730
576 731
690 733
732 733
703 735
734 735
623 737
735 737
736 737
659 739
693 739
738 739
740 741
743 744
742 745
744 745
744 746
745 747
741 749
740 750
741 751
749 751
749 752
750 753
751 754
741 758
751 758
756 758
757 758
758 759
743 760
744 761
760 761
743 763
760 763
762 763
740 764
755 765
766 767
768 772
771 772
769 773
770 773
772 773
772 774
765 775
749 776
751 777
744 778
764 778
760 779
763 779
743 780
748 781
763 781
775 782
781 782
755 784
781 784
781 785
771 786
772 787
777 787
786 787
757 788
763 790
780 790
781 790
789 790
758 792
784 792
788 792
793 794
794 795
780 796
796 797
771 798
781 800
799 800
784 801
801 802
745 803
755 804
767 804
781 804
783 804
788 804
792 804
744 805
795 805
796 805
749 806
750 806
804 808
807 808
796 809
809 810
794 812
811 812
759 813
759 814
761 815
764 815
779 815
741 816
745 816
764 816
816 817
775 818
818 819
819 820
765 821
820 821
804 822
810 823
812 823
759 824
773 824
759 825
773 825
826 827
522 829
828 829
827 830
522 833
832 833
830 835
834 835
830 837
836 837
829 838
839 840
840 841
842 843
826 845
828 846
845 847
847 848
848 849
838 854
839 854
853 854
834 855
851 855
852 855
832 856
850 856
855 856
856 857
828 859
855 860
847 861
856 861
860 861
844 862
855 862
834 863
844 863
844 864
855 864
855 865
860 865
845 866
853 866
834 867
832 868
832 869
832 870
847 871
838 872
838 873
853 874
834 875
876 877
828 878
846 878
876 879
849 880
847 881
860 882
876 882
858 883
860 884
865 884
883 884
847 885
884 885
859 886
872 886
875 886
849 887
849 888
849 889
849 890
834 892
855 892
882 892
836 893
879 893
858 894
876 894
847 895
877 895
894 895
832 896
870 896
877 896
836 897
893 897
896 897
875 898
896 898
851 899
870 900
847 901
853 901
881 901
875 902
853 903
858 903
891 903
832 904
846 904
832 905
832 906
832 907
850 908
850 909
850 910
832 911
848 912
847 913
913 918
914 918
915 918
913 919
916 919
917 919
832 920
832 921
865 922
922 927
923 927
924 927
922 928
925 928
926 928
872 929
879 929
886 929
902 929
903 929
873 930
879 930
891 930
903 930
929 930
874 931
879 931
900 931
883 932
903 932
832 933
935 936
935 937
938 939
940 941
937 942
942 943
944 945
945 946
943 947
947 948
949 950
949 951
950 952
951 952
953 954
938 955
940 957
957 958
943 960
959 960
940 962
950 963
949 965
961 966
966 967
968 969
935 970
936 970
951 971
952 972
971 972
955 974
966 974
973 974
953 976
952 979
69 980
980 981
982 983
954 984
956 984
940 985
985 986
961 988
988 989
81 990
988 990
964 992
978 993
959 994
963 994
993 994
942 995
991 995
945 996
970 996
971 997
185 998
967 998
990 998
993 999
995 1000
952 1001
997 1002
1002 1003
944 1004
944 1006
979 1006
1003 1006
946 1007
960 1007
969 1007
998 1007
1006 1007
1006 1008
1006 1009
1006 1010
938 1011
976 1011
987 1011
954 1012
992 1012
1011 1012
987 1013
964 1014
1013 1014
934 1015
942 1015
1006 1015
957 1016
982 1016
941 1017
1016 1017
1017 1018
1019 1020
966 1022
970 1022
974 1022
1005 1022
1021 1022
1019 1023
953 1024
975 1024
953 1025
975 1025
965 1026
968 1027
972 1027
1001 1027
1006 1027
1026 1027
1027 1028
944 1029
945 1029
996 1029
1005 1029
70 1031
106 1031
954 1031
964 1031
1030 1031
975 1032
1020 1032
1032 1033
1031 1034
951 1035
977 1035
999 1035
1035 1036
941 1037
980 1037
972 1038
1006 1038
1031 1039
1031 1040
1031 1041
1042 1043
950 1044
1027 1044
987 1045
1013 1045
1042 1045
1004 1046
1027 1046
1020 1047
1023 1047
1032 1047
949 1048
978 1048
993 1048
949 1049
977 1049
959 1050
994 1050
1006 1050
1036 1050
938 1051
955 1051
957 1051
985 1051
1020 1051
1023 1051
1024 1051
1025 1051
941 1052
1051 1052
70 1053
954 1053
1033 1053
1051 1053
934 1054
976 1055
992 1055
106 1056
962 1056
982 1056
953 1057
1011 1057
1042 1057
969 1058
998 1058
1007 1058
946 1059
1053 1059
1023 1060
1024 1060
1025 1060
1047 1060
1061 1062
1061 1063
1064 1066
1068 1069
1070 1071
1073 1074
1075 1077
1076 1077
1079 1080
1086 1087
1086 1088
1087 1089
1088 1089
1088 1091
1066 1092
1087 1092
1089 1092
1091 1092
1092 1093
1094 1095
1094 1096
1087 1098
1097 1098
1085 1099
1099 1100
1101 1102
1103 1104
1106 1107
1107 1108
1091 1109
1111 1112
1114 1117
318 1120
1066 1120
1119 1120
1122 1123
812 1125
823 1125
428 1126
1127 1128
1127 1129
1133 1136
1107 1137
1108 1138
1137 1138
1137 1139
1137 1140
1142 1143
1104 1144
1107 1144
1106 1146
1147 1149
1148 1149
1150 1151
1082 1155
1156 1157
1075 1160
1159 1160
1064 1161
1157 1162
1123 1164
1163 1164
1091 1166
1092 1167
1148 1167
1160 1167
1166 1167
1149 1168
1167 1168
1167 1169
1153 1171
1160 1171
1170 1171
1171 1172
1171 1176
1065 1177
1120 1177
1095 1178
286 1179
1178 1179
1106 1180
1107 1181
489 1184
1175 1185
1130 1188
1118 1190
1189 1190
1183 1191
1073 1192
1191 1192
1074 1193
1192 1193
1099 1194
1195 1196
1070 1197
1070 1198
1155 1198
1197 1198
1200 1201
489 1202
1171 1202
1176 1202
1203 1204
1203 1205
1148 1208
1207 1208
1073 1209
1110 1211
1211 1212
1213 1214
794 1215
412 1217
1216 1217
1076 1218
1088 1221
1157 1222
1145 1223
1088 1224
1078 1225
1083 1225
1085 1225
1225 1226
1103 1227
1130 1227
813 1228
814 1229
745 1231
801 1231
1228 1232
1229 1232
1231 1232
1190 1235
1234 1235
1236 1237
1237 1238
1233 1240
1239 1240
1109 1241
1163 1242
1134 1243
1124 1244
1132 1244
1079 1245
1168 1245
1192 1247
1233 1247
1219 1248
413 1249
1107 1250
1221 1252
1205 1254
1253 1254
1223 1255
1230 1255
1250 1257
801 1258
1258 1259
1157 1261
1162 1261
1260 1261
1225 1263
1262 1264
1178 1266
1108 1268
1244 1268
1245 1268
1267 1268
1071 1270
1269 1270
1271 1272
1273 1274
1273 1275
1123 1276
1151 1276
1101 1277
1102 1278
1277 1278
1277 1279
1279 1280
1073 1281
1281 1282
1151 1284
1283 1284
1097 1286
1251 1290
1288 1290
1289 1290
1206 1291
1243 1292
1222 1293
1258 1293
1294 1295
1084 1296
436 1298
1253 1298
1297 1298
1164 1300
1299 1300
1070 1301
1287 1301
1141 1302
1301 1302
1299 1303
1254 1305
1295 1305
1304 1305
1079 1307
1245 1307
1295 1307
1306 1307
1276 1308
1132 1309
1244 1309
1308 1309
1171 1310
1202 1310
1210 1310
1280 1310
1310 1311
1090 1312
1312 1313
1074 1314
1079 1314
1124 1314
1268 1314
1282 1314
1073 1315
1315 1316
1310 1317
1107 1318
1319 1320
1160 1323
1107 1324
1134 1324
1324 1325
1158 1327
1226 1327
1257 1327
1326 1327
1327 1328
1327 1329
1240 1330
1300 1330
1132 1331
1193 1331
1330 1331
1064 1332
1141 1333
1320 1333
1081 1335
1100 1335
1238 1335
1334 1335
1152 1336
1337 1338
1103 1339
1324 1339
1149 1341
1179 1341
1340 1341
1340 1342
1098 1344
1253 1344
1343 1344
1141 1346
1333 1346
1345 1346
1214 1347
1334 1347
1200 1349
1199 1350
1253 1350
1349 1350
1297 1351
1086 1352
1277 1353
1092 1354
1129 1354
1258 1354
1290 1354
1354 1355
1242 1356
1152 1357
1336 1357
1153 1358
1357 1358
1207 1360
1141 1362
1274 1362
1361 1362
1362 1363
1361 1364
1204 1365
1343 1365
1351 1365
1108 1366
1245 1366
1325 1366
1086 1368
1335 1370
1369 1370
1071 1372
1363 1372
1371 1372
1270 1374
1314 1374
1366 1374
1373 1374
1324 1375
1373 1375
1376 1377
1284 1378
1098 1380
1354 1380
1379 1380
1378 1383
1382 1383
1244 1384
1383 1384
1248 1385
1219 1386
1096 1387
1178 1388
1387 1388
1368 1389
1252 1390
1335 1392
1391 1392
1335 1397
1396 1397
1382 1398
1394 1398
1183 1399
1303 1399
1389 1400
1368 1401
1379 1401
1400 1401
1089 1402
1129 1402
1401 1402
805 1403
1231 1403
1258 1403
1170 1404
1172 1404
1372 1404
1394 1405
1154 1406
1318 1407
1378 1407
1406 1407
1192 1408
1220 1408
1291 1410
1269 1411
1322 1413
1412 1413
1167 1414
1392 1414
1135 1417
1160 1417
1196 1417
1323 1417
1415 1417
1416 1417
1220 1418
1068 1419
1069 1420
1411 1420
1419 1420
1086 1421
1252 1421
1103 1423
1377 1423
1407 1423
1422 1423
1244 1424
1423 1424
423 1425
1327 1425
1218 1426
1391 1426
1297 1427
1349 1427
1393 1427
1343 1428
1092 1430
1120 1430
1429 1430
1431 1432
1225 1433
1264 1433
1431 1433
1307 1434
1328 1434
1432 1434
1144 1435
1165 1436
1279 1436
1353 1436
1118 1437
1310 1437
1436 1437
1167 1439
1335 1439
1391 1440
1321 1441
1440 1441
1209 1442
1104 1443
1186 1443
1442 1443
1314 1444
1443 1444
1062 1445
1063 1445
1362 1445
1372 1446
1445 1446
1084 1447
1090 1447
1096 1447
1312 1447
1095 1448
1313 1448
1348 1448
1447 1448
1342 1449
1206 1450
1349 1450
1428 1450
1219 1451
1275 1451
1362 1451
1136 1452
1373 1452
1375 1452
1149 1453
1196 1453
1117 1454
1420 1454
1117 1455
1420 1455
1419 1456
1454 1457
1456 1457
1455 1458
1456 1458
1141 1459
1320 1459
1079 1460
1112 1460
1124 1460
1268 1460
1328 1460
1105 1461
1118 1462
1235 1462
1348 1462
1449 1462
1461 1462
1340 1463
1437 1463
1118 1464
1280 1464
1463 1464
1277 1467
1353 1467
1465 1467
1466 1467
1176 1468
1184 1468
1210 1468
1317 1468
1174 1469
1073 1470
1188 1470
1410 1471
1110 1472
1364 1472
1269 1473
1452 1473
1152 1474
1143 1475
1285 1475
1475 1476
1126 1477
1309 1477
1384 1477
1086 1479
1230 1479
1390 1479
1478 1479
1480 1481
565 1482
565 1483
1240 1484
1330 1484
1153 1485
1171 1485
1174 1485
1469 1485
1404 1486
1485 1486
1141 1487
1171 1487
1174 1487
1174 1488
1362 1488
1093 1489
1205 1489
1232 1489
1259 1489
1152 1490
1277 1490
1279 1490
1357 1490
1099 1491
1367 1491
1146 1492
1133 1494
1493 1494
1110 1496
1371 1496
1091 1497
1109 1497
1070 1498
1473 1498
1070 1499
1411 1499
1117 1500
1366 1501
1500 1501
1162 1502
1251 1502
1335 1503
1381 1503
1084 1504
1092 1505
1177 1505
1159 1506
1246 1506
1322 1506
1413 1506
1075 1507
1160 1507
1335 1507
1381 1507
1245 1508
1507 1508
1343 1509
1083 1511
1510 1511
1199 1513
1217 1513
1507 1513
1513 1514
1507 1515
1335 1516
1395 1516
1367 1517
1440 1517
1163 1518
1175 1519
1518 1519
1196 1522
1520 1522
1521 1522
1322 1523
1416 1523
1281 1524
1495 1524
1224 1525
1230 1525
1092 1526
1167 1526
1525 1526
1285 1527
1440 1527
1321 1528
1194 1529
1529 1530
1101 1531
1152 1531
1357 1531
1474 1531
1135 1532
1171 1532
1174 1532
1488 1532
1531 1532
1239 1533
1299 1533
1531 1534
1136 1535
1287 1536
1420 1536
1481 1536
1211 1537
1531 1537
1443 1538
1495 1538
1372 1539
1372 1540
1311 1541
1341 1541
1404 1541
1168 1542
1404 1542
1453 1542
1508 1542
1061 1543
1116 1544
1545 1548
1443 1549
1548 1549
1117 1553
1370 1553
1072 1554
1547 1554
1073 1555
1090 1557
1105 1557
1336 1559
1357 1559
1081 1560
1530 1560
1082 1561
1556 1562
1299 1563
1356 1563
1493 1566
1070 1567
1567 1568
1567 1569
1273 1570
1565 1570
1256 1571
1103 1574
1574 1575
1546 1576
1125 1577
1236 1578
1113 1580
1327 1580
1327 1581
1113 1582
1582 1583
1118 1585
1273 1587
1521 1589
1588 1589
1379 1594
1577 1594
1225 1595
1512 1595
1548 1596
1456 1599
1598 1599
1585 1600
1590 1600
1601 1602
1116 1604
1133 1606
1134 1610
1135 1611
1544 1612
1613 1614
1072 1616
1571 1619
1141 1620
1141 1621
1618 1621
1492 1622
1144 1623
1551 1623
1592 1623
1623 1624
1088 1625
1368 1625
1064 1626
1273 1627
1613 1628
1297 1630
1349 1630
1091 1631
1334 1632
1578 1632
1390 1633
1525 1633
1272 1635
1332 1635
1548 1639
1163 1642
1543 1645
1579 1646
1607 1646
1167 1647
1225 1648
1605 1649
1174 1650
1555 1654
1615 1655
1580 1658
1616 1660
1624 1663
1662 1663
1338 1664
1629 1664
1628 1665
1106 1667
1636 1668
1667 1668
1555 1671
1670 1671
1608 1675
1099 1678
1334 1678
1677 1678
1195 1679
1246 1679
1210 1680
1590 1680
1159 1685
1285 1685
1573 1686
1576 1686
1671 1686
1599 1687
1604 1687
1219 1688
1674 1688
1688 1689
1220 1690
1564 1690
1643 1690
1584 1692
1691 1692
1623 1693
1529 1695
1529 1696
1150 1697
1606 1700
1644 1700
1618 1701
1621 1701
1283 1702
1593 1702
1587 1703
1636 1704
1207 1706
1676 1707
1548 1709
1227 1710
1493 1711
1558 1713
1099 1714
1690 1715
1591 1717
1105 1718
1360 1720
1555 1721
1586 1722
1663 1723
1722 1723
1236 1724
1705 1725
1243 1726
1610 1726
1243 1727
1225 1728
1083 1729
1572 1729
1631 1730
1154 1731
1099 1732
1695 1732
1548 1734
1681 1735
1182 1736
1359 1736
1158 1737
1514 1737
1637 1739
1638 1739
1738 1739
1715 1740
1555 1741
1573 1741
1654 1743
1742 1744
1743 1744
1548 1745
1566 1746
1586 1746
1225 1747
1469 1749
1748 1749
1158 1750
1083 1751
1645 1752
1650 1753
1655 1753
1105 1754
1670 1755
1727 1756
1756 1757
1735 1759
1653 1760
1492 1761
1612 1761
1347 1762
1256 1763
1529 1763
1257 1764
1583 1765
1359 1766
1641 1767
1220 1768
1767 1768
1159 1771
1213 1771
1659 1772
1605 1774
1608 1774
1156 1775
1215 1775
1361 1776
1269 1777
1699 1777
1700 1777
1166 1778
1684 1779
1728 1779
1552 1780
1704 1781
1561 1782
1613 1782
1550 1783
1759 1783
1760 1783
1438 1784
423 1785
1740 1786
1281 1787
1659 1787
1686 1787
1564 1788
1651 1789
1672 1790
1654 1791
1755 1791
1742 1794
1792 1794
1793 1794
1209 1795
1442 1795
1652 1796
1709 1796
1725 1796
1795 1797
1796 1797
1652 1798
1710 1798
1256 1799
1409 1799
1225 1800
1265 1800
1287 1801
1675 1801
1289 1802
1735 1803
1292 1804
1681 1804
1641 1805
1643 1805
1299 1806
1300 1806
1301 1808
1649 1808
1801 1808
1669 1809
1064 1810
1629 1810
1107 1811
1238 1811
1439 1812
1441 1812
1308 1813
1634 1814
1310 1815
1316 1817
1673 1817
1790 1817
1317 1818
1507 1819
1516 1819
1318 1820
1562 1820
1606 1821
1662 1821
1327 1822
1326 1823
1750 1823
1605 1824
1637 1825
1119 1826
1121 1826
1660 1827
1697 1827
1661 1828
1419 1829
1708 1830
1131 1831
1711 1831
1339 1832
1545 1833
1755 1834
1770 1834
1617 1835
1683 1835
1285 1836
1115 1838
1602 1839
1832 1839
1555 1840
1809 1840
1769 1841
1840 1841
1556 1842
1704 1842
1348 1843
1714 1844
1416 1845
1523 1845
1191 1846
1558 1847
1614 1848
1758 1848
1807 1848
1634 1849
1780 1849
1720 1850
1778 1850
1662 1851
1813 1852
1067 1853
1401 1853
1166 1854
1706 1854
1591 1855
1585 1856
1585 1857
1564 1858
1690 1858
1694 1859
1354 1860
1343 1861
1691 1862
1666 1863
1128 1864
1362 1865
1647 1865
1165 1866
1754 1866
1207 1867
1360 1868
1588 1868
1693 1870
1777 1870
1710 1871
1745 1871
1872 1873
1872 1874
1143 1875
1416 1875
1682 1876
1509 1877
1107 1878
1500 1878
1686 1879
1773 1879
1653 1880
1764 1881
1326 1882
1572 1882
1620 1883
1758 1883
1655 1884
1847 1884
1440 1885
1750 1886
1777 1887
1547 1889
1717 1890
1855 1890
1555 1891
1669 1891
1200 1892
1512 1892
1201 1893
1661 1893
1381 1894
1385 1896
1386 1896
1895 1896
1712 1897
1788 1897
1656 1898
1657 1898
1674 1898
1688 1898
1761 1899
1772 1900
1784 1901
1067 1902
1901 1902
1236 1903
1619 1903
1369 1904
1713 1905
1748 1905
1076 1906
1159 1906
1677 1907
1694 1908
1787 1908
1467 1909
1645 1910
1758 1910
1786 1911
1640 1912
1220 1913
1315 1913
1249 1914
1731 1914
1099 1915
1825 1915
1666 1916
1686 1916
1648 1917
1869 1918
1894 1918
1584 1919
1692 1919
1364 1920
1496 1920
1417 1921
1815 1921
1418 1922
1712 1922
1717 1922
1601 1923
1420 1924
1822 1924
1425 1925
1886 1925
1517 1926
1527 1927
1273 1929
1587 1929
1361 1930
1683 1930
1435 1931
1592 1931
1639 1931
1722 1931
1833 1931
1551 1932
1115 1933
1864 1934
1290 1935
1934 1935
1438 1936
1934 1936
1895 1937
1937 1938
1543 1939
1930 1939
1927 1941
1940 1941
1907 1942
1082 1943
1131 1943
1933 1945
1934 1945
1726 1946
1576 1947
1781 1948
1106 1949
1622 1949
1187 1950
1525 1950
1361 1951
1565 1951
1776 1951
1898 1951
1585 1952
1856 1952
1857 1952
1459 1953
1837 1953
1464 1954
1469 1955
1615 1955
1650 1955
1884 1955
1146 1956
1719 1956
1121 1957
1161 1957
1555 1958
1900 1959
1091 1960
1789 1960
1597 1961
1900 1961
1716 1962
1777 1963
1420 1964
1963 1964
1634 1965
1824 1965
1963 1965
1966 1967
1696 1968
1068 1970
1116 1970
1609 1971
1970 1971
1156 1972
1602 1973
1431 1975
1369 1976
1724 1976
1705 1977
1796 1977
1727 1978
1928 1978
1911 1979
1524 1980
1979 1980
1409 1981
1511 1981
1844 1982
1699 1983
1409 1984
1969 1984
1492 1985
1579 1986
1493 1987
1983 1987
1443 1988
1581 1988
1495 1989
1207 1990
1904 1991
1972 1992
1258 1993
1860 1993
1552 1994
1880 1994
1292 1995
1500 1995
1994 1995
1243 1996
1500 1996
1994 1996
1802 1997
1338 1998
1730 1998
1609 1999
1503 2000
1762 2000
1869 2000
1918 2000
1944 2000
1585 2001
1590 2001
1856 2001
1603 2002
1803 2002
1061 2003
1617 2003
1627 2004
1703 2004
1929 2004
1626 2005
1829 2007
1357 2008
1707 2008
1748 2009
1974 2010
1497 2011
1974 2011
2006 2011
1783 2012
1814 2012
1585 2013
1600 2013
1952 2013
1672 2014
1624 2015
1166 2016
1651 2016
1334 2017
1426 2017
1091 2018
1352 2018
2018 2019
1512 2020
1708 2020
1966 2020
1513 2021
1828 2021
2020 2021
1125 2022
1379 2022
1514 2023
1816 2024
1859 2024
1742 2026
1794 2026
2025 2026
1991 2027
2000 2027
1517 2028
1941 2028
1072 2029
1962 2030
1963 2030
1894 2031
1944 2031
1524 2032
1698 2032
1816 2032
1770 2033
1947 2034
2033 2034
1830 2035
1966 2035
1061 2036
1645 2036
1312 2037
1207 2038
1682 2038
1597 2039
1654 2039
1959 2039
1654 2040
1863 2040
1546 2041
2040 2041
1787 2042
2033 2042
1475 2043
1766 2043
1606 2044
1821 2044
1360 2045
2045 2046
1828 2047
2021 2047
1886 2048
2021 2048
2047 2048
1593 2049
1838 2050
1997 2050
1187 2051
1479 2051
1735 2052
1978 2052
1734 2053
1773 2053
1574 2054
1954 2057
2058 2060
1308 2061
2029 2061
2058 2061
1105 2062
1101 2063
1909 2063
1148 2064
1148 2065
1610 2066
1644 2068
1663 2068
1872 2068
1650 2069
1067 2070
1429 2070
1843 2071
1096 2072
1461 2073
2073 2074
1461 2075
1187 2076
2005 2076
1211 2077
1531 2077
1447 2078
1986 2079
2039 2079
1843 2080
1726 2081
1756 2081
1928 2081
1461 2082
2056 2082
2083 2084
2057 2085
2084 2085
2083 2086
2085 2086
1206 2087
1479 2087
1584 2088
1757 2088
1761 2089
1899 2089
1946 2090
2055 2090
1096 2092
1161 2093
1640 2093
2084 2095
1461 2096
2080 2096
1094 2097
1387 2097
1324 2098
1601 2098
1691 2098
2066 2098
1324 2099
1601 2099
1862 2099
1946 2099
1575 2100
1624 2100
1839 2100
1710 2101
2071 2102
2074 2102
2075 2102
1379 2105
1461 2106
1870 2107
2059 2107
2056 2108
2062 2108
2095 2108
2106 2108
1461 2109
2074 2109
1097 2110
2105 2110
1550 2111
1716 2112
1471 2113
1411 2114
1733 2114
2111 2114
1946 2115
2002 2115
1575 2116
1624 2116
1934 2117
1733 2118
1962 2118
1452 2119
1851 2119
1452 2120
1851 2120
1923 2120
2055 2120
1279 2121
1357 2121
1490 2121
1105 2122
1843 2123
2102 2123
1461 2124
1462 2125
2064 2125
1462 2126
2065 2126
1529 2127
1969 2127
2015 2128
2103 2128
1473 2129
1874 2129
1473 2130
1873 2130
2090 2130
1603 2131
1733 2131
1474 2132
1973 2134
2091 2135
2124 2135
1094 2136
2097 2136
1718 2137
1954 2138
2083 2138
2122 2138
1310 2139
1468 2139
1490 2139
1102 2140
1310 2140
1358 2140
1490 2140
1954 2141
2067 2141
2138 2141
1286 2142
1877 2142
1555 2143
2094 2143
1954 2144
2086 2144
1461 2145
2091 2145
1888 2146
2104 2146
2132 2146
2133 2146
2103 2147
2134 2147
2147 2148
1610 2149
1946 2149
1818 2150
1590 2151
1818 2151
2150 2151
1603 2152
1923 2152
2055 2152
2115 2152
2119 2152
2129 2154
2131 2154
2107 2155
2134 2155
1832 2156
2103 2156
1322 2157
1845 2157
2137 2157
1485 2158
1615 2158
1753 2158
1888 2158
2104 2158
1299 2159
1533 2159
1563 2159
1096 2160
1387 2160
1986 2162
2161 2162
1743 2163
2153 2163
2161 2163
1665 2164
1808 2164
2112 2164
1182 2165
2113 2165
2072 2166
2072 2167
1688 2168
1703 2168
2160 2170
2160 2171
1472 2174
1531 2174
1979 2176
2032 2176
2175 2176
1101 2177
1537 2177
1929 2178
2178 2179
1101 2180
1490 2180
1173 2181
1346 2181
2181 2182
1269 2183
1748 2184
2179 2184
1165 2185
1436 2185
1310 2186
1954 2187
2067 2187
1954 2188
2067 2188
1469 2189
1472 2189
1165 2190
1353 2190
2092 2191
2097 2191
2169 2191
1312 2192
2078 2192
1312 2193
2172 2193
2173 2193
2192 2193
1414 2194
1528 2194
1225 2195
1714 2195
1118 2196
1448 2196
1931 2197
2054 2197
2183 2198
2186 2199
2200 2201
2201 2202
1507 2203
1278 2204
2202 2204
2200 2205
2203 2205
803 2208
2206 2211
2206 2212
2211 2213
2212 2213
396 2214
2208 2214
2213 2214
2222 2223
394 2224
2222 2224
2223 2224
2223 2225
2227 2229
2221 2230
2223 2230
2224 2230
2228 2231
397 2232
2222 2233
2229 2235
2224 2236
2237 2239
2238 2239
2242 2243
2209 2245
2220 2245
2243 2250
2249 2250
2249 2251
2250 2252
2250 2253
2250 2254
2248 2257
2222 2262
2236 2263
2259 2263
2260 2263
2261 2263
2231 2264
2268 2269
2268 2270
2268 2271
2269 2272
2267 2273
2274 2276
2275 2276
2277 2278
2255 2282
390 2283
2213 2283
2258 2283
2265 2283
2282 2283
397 2284
421 2284
2283 2284
2281 2285
2283 2285
2284 2285
2240 2286
2265 2287
2286 2287
2218 2289
2277 2291
2239 2292
2256 2293
2291 2293
2222 2296
2236 2299
2263 2299
2297 2299
2298 2299
2300 2301
2283 2303
2257 2304
791 2305
2283 2305
2234 2306
2264 2307
2266 2307
387 2308
2247 2309
2236 2310
2243 2311
2306 2311
2254 2312
521 2313
2236 2313
2240 2314
2226 2315
2246 2316
2292 2316
2289 2317
2232 2318
2317 2318
2279 2321
2223 2322
2225 2322
2315 2322
2320 2322
2321 2322
2322 2323
2322 2324
2322 2325
2241 2326
2244 2326
2256 2328
2319 2328
2236 2329
2328 2329
2327 2330
2328 2330
2329 2330
2308 2331
2286 2332
2220 2333
2245 2333
2295 2333
2319 2333
2268 2334
2273 2335
2288 2335
2244 2336
2282 2337
2337 2339
2290 2342
2299 2344
70 2345
2344 2345
2218 2346
2219 2347
2312 2347
2346 2347
2219 2348
2232 2348
2294 2349
2304 2349
2336 2350
2225 2351
2350 2351
841 2352
2328 2353
2303 2355
2305 2355
2243 2356
2216 2358
2232 2358
2264 2358
2338 2358
2326 2359
2228 2360
2315 2360
2235 2361
2234 2362
2280 2362
2361 2363
2341 2364
2343 2364
2363 2364
2263 2365
2313 2365
2352 2365
2364 2365
2364 2366
2241 2367
2320 2367
2294 2368
2337 2368
2239 2369
2291 2369
2236 2370
2299 2370
2369 2370
2217 2371
2250 2371
2318 2371
2279 2372
2336 2372
2359 2372
2275 2373
2283 2373
2302 2373
2355 2373
2220 2374
2333 2374
2337 2375
2283 2376
2375 2376
2222 2377
2357 2377
2291 2378
2369 2378
2375 2379
2255 2380
2379 2380
2328 2381
2268 2382
2334 2382
2207 2383
2269 2383
2290 2383
2295 2383
2342 2383
2354 2383
2382 2383
2224 2384
2236 2384
2310 2384
2329 2384
2383 2384
2383 2385
2383 2386
2248 2387
2379 2387
2217 2388
2288 2388
2356 2388
2247 2389
2309 2389
2310 2389
2340 2389
2353 2389
2354 2389
2381 2389
2277 2390
2333 2390
2369 2390
2209 2391
2286 2393
2332 2393
396 2394
2322 2394
2393 2394
2392 2395
2393 2395
2394 2395
2383 2396
2391 2396
2215 2397
2239 2397
2220 2398
2374 2398
2383 2399
2398 2399
2398 2400
2398 2401
2341 2402
2222 2403
2357 2403
2222 2404
2377 2404
2226 2405
2338 2405
2222 2406
2233 2406
2296 2406
2331 2406
2393 2406
2326 2407
2350 2407
2258 2408
2275 2408
2300 2408
2301 2408
2304 2409
2387 2409
2234 2410
2410 2411
2216 2412
2356 2412
2210 2413
2250 2413
753 2414
754 2415
2267 2415
2280 2415
2414 2415
2309 2416
2269 2417
2416 2417
778 2418
791 2418
2223 2419
2385 2419
2386 2419
2340 2420
2383 2420
2247 2421
2328 2421
2246 2422
2422 2423
2425 2426
491 2427
2432 2433
2435 2437
2438 2440
2439 2440
2442 2444
2443 2444
1185 2448
2440 2450
2451 2452
2454 2455
2448 2458
2457 2459
2458 2459
2426 2460
2459 2460
2461 2462
2463 2464
2435 2472
2471 2472
2475 2476
2474 2477
2475 2477
2474 2478
2475 2478
2480 2481
2480 2482
2481 2483
2475 2484
2427 2486
2465 2487
2459 2488
2429 2490
2489 2490
2436 2491
2473 2494
2493 2494
2491 2496
2486 2497
2491 2499
2447 2503
2502 2503
2476 2504
2503 2504
2485 2506
2508 2509
2510 2511
2510 2512
2499 2514
2515 2516
2517 2518
2517 2519
2426 2520
2476 2520
2509 2520
2517 2520
2444 2522
2490 2522
2506 2523
2435 2525
2459 2526
2469 2528
2487 2529
2440 2530
2501 2531
2531 2532
2521 2534
2534 2535
2536 2537
2500 2539
2539 2540
491 2543
2534 2543
491 2544
2465 2544
2487 2544
2529 2544
2500 2545
2539 2545
2430 2546
2449 2546
491 2549
2486 2549
2538 2549
2547 2549
2548 2549
2529 2550
2540 2550
2539 2551
2453 2552
2539 2552
2550 2552
2551 2552
2475 2553
2503 2553
2530 2555
2539 2555
2546 2555
2480 2556
1132 2558
2533 2558
2460 2559
2476 2559
2520 2559
2558 2559
2447 2560
2475 2560
2484 2560
2522 2560
2455 2561
2453 2562
2469 2562
2486 2562
2495 2562
2528 2562
2551 2562
58 2563
82 2563
134 2563
2535 2565
2567 2568
2555 2576
2575 2576
2451 2577
2489 2577
2434 2579
2501 2580
2531 2580
2580 2581
2576 2582
2490 2584
2542 2584
2583 2584
2429 2587
2437 2587
2455 2587
2462 2587
2490 2587
2525 2587
2579 2587
2586 2587
2435 2589
2473 2589
2494 2589
2578 2589
2588 2589
2433 2591
2462 2591
2460 2592
2476 2592
2481 2592
2546 2593
2576 2593
2459 2594
2460 2594
2568 2594
2570 2594
2573 2594
1309 2595
2431 2596
2498 2596
2515 2596
2516 2596
2521 2596
2534 2596
2440 2597
2470 2597
2555 2597
2585 2597
2449 2598
2576 2598
2460 2600
2520 2600
2599 2600
2528 2601
2523 2602
2576 2602
2520 2603
2446 2605
2505 2605
2561 2605
2587 2605
2595 2606
2529 2607
2540 2607
2606 2607
2607 2608
2555 2609
2585 2609
2604 2609
2608 2609
2505 2610
2605 2610
2504 2612
2524 2612
2608 2612
2529 2613
2533 2613
2607 2613
2612 2613
2509 2614
2523 2615
2444 2617
2510 2617
2616 2617
2430 2618
2457 2618
2459 2618
2488 2618
2523 2618
2526 2618
2615 2618
2606 2619
2607 2619
2435 2620
2564 2621
2557 2622
2507 2623
2435 2624
2609 2624
2435 2625
2609 2625
2444 2628
2494 2628
2510 2628
2560 2628
2626 2628
2627 2628
2537 2630
2440 2632
2488 2633
2440 2634
2632 2635
2532 2637
2546 2638
2618 2638
2436 2639
2623 2639
2636 2639
2440 2640
2470 2640
2611 2641
2522 2642
2578 2642
2475 2643
2493 2644
2502 2644
2644 2645
2474 2646
2502 2646
2493 2647
2646 2648
2645 2649
2646 2649
2647 2649
2648 2650
2649 2650
2609 2652
2464 2655
2608 2655
2427 2656
2429 2657
2565 2659
2535 2660
2434 2662
2435 2663
2570 2667
2659 2668
2435 2669
2663 2669
2664 2669
2657 2670
2436 2671
2437 2673
2673 2674
2586 2675
2673 2675
2459 2678
2566 2678
2677 2678
491 2681
2680 2681
2445 2682
2440 2683
2440 2684
2663 2685
2445 2686
2446 2686
2686 2687
2450 2688
2691 2692
2575 2693
2658 2694
2453 2695
2455 2698
2435 2699
2699 2700
2435 2702
2537 2702
2435 2703
2623 2703
2459 2704
2697 2704
2594 2705
2663 2706
2445 2708
2446 2709
2456 2710
2457 2710
2701 2710
2586 2711
2675 2711
2465 2713
2465 2714
2679 2715
2466 2717
2451 2718
2466 2718
2467 2718
2468 2718
2586 2718
2469 2719
2451 2720
2718 2720
2586 2721
2718 2721
2554 2722
2586 2723
2470 2724
2722 2724
2532 2726
2532 2727
2726 2727
2543 2729
2428 2730
2499 2730
2428 2731
2491 2731
2730 2732
2731 2733
2576 2734
2608 2734
2485 2737
2737 2738
2735 2739
2737 2739
2738 2739
2656 2741
2740 2741
2486 2742
2740 2742
2742 2743
2486 2744
2487 2744
2744 2745
2704 2746
2725 2756
2725 2757
2723 2758
2688 2759
2492 2760
2660 2760
2495 2761
2653 2761
2741 2761
2496 2762
2496 2763
2496 2764
2486 2765
2534 2766
2543 2766
2765 2766
2497 2767
2656 2767
2741 2767
2498 2768
2768 2769
2498 2770
2499 2770
2770 2771
2772 2773
2501 2776
2501 2777
2507 2778
2687 2779
2725 2780
2738 2780
2672 2781
2772 2781
2728 2782
2772 2782
2781 2782
2505 2783
2506 2784
2784 2785
2506 2786
2784 2786
2785 2786
2697 2788
2704 2788
2787 2788
2667 2789
2528 2790
2621 2790
2564 2791
2609 2791
2545 2792
2531 2793
2792 2793
2448 2794
2458 2794
2576 2795
2608 2795
2514 2796
2653 2796
2671 2796
2761 2796
2672 2797
2798 2799
491 2800
2665 2800
2666 2800
2798 2801
2799 2801
2800 2801
2554 2802
2507 2803
2528 2805
2529 2805
2805 2806
2523 2807
2737 2807
2523 2808
2554 2810
2479 2811
2516 2811
2707 2811
2716 2812
2575 2813
2525 2814
2663 2814
2685 2814
2448 2815
2528 2816
2432 2817
2566 2818
2818 2819
2663 2820
2799 2821
2801 2821
2534 2822
2535 2822
2822 2823
2534 2824
2535 2824
2824 2825
2656 2826
2821 2826
2562 2827
2736 2828
2541 2829
2542 2829
2828 2829
491 2833
2544 2833
2833 2834
491 2835
2543 2835
2830 2835
491 2836
2543 2836
2831 2836
491 2837
2543 2837
2832 2837
2663 2838
2692 2838
2820 2838
2456 2839
2725 2839
2780 2839
2725 2840
2780 2840
2797 2840
2839 2840
2707 2841
2761 2841
2811 2841
2538 2842
2779 2843
2809 2843
2545 2844
2554 2844
2810 2844
2545 2845
2554 2846
2688 2847
2724 2847
2549 2848
2549 2849
2551 2850
2551 2851
2850 2852
2851 2852
2552 2853
2852 2853
2551 2854
2551 2855
2550 2856
2550 2857
2725 2858
2757 2858
2780 2858
2839 2858
2546 2859
2847 2859
2859 2860
2546 2861
2847 2861
2861 2862
2546 2863
2847 2863
2863 2864
2479 2865
2811 2865
2821 2866
2826 2866
2820 2867
2554 2871
2555 2871
2554 2872
2555 2872
2554 2873
2555 2873
2873 2874
2530 2875
2554 2875
2875 2876
2871 2877
2872 2878
2761 2879
2816 2879
2841 2879
2586 2881
2723 2881
2698 2882
2880 2882
2561 2883
2881 2883
2882 2883
2562 2884
2741 2884
2761 2884
2841 2884
2879 2884
2440 2886
2618 2886
2618 2887
2886 2888
2887 2889
2586 2890
2723 2890
2758 2890
2881 2890
2675 2891
2692 2892
2565 2893
2566 2895
2894 2895
2569 2896
2570 2896
2571 2897
2705 2897
2897 2898
2572 2899
2573 2899
2573 2900
2574 2900
2562 2901
2884 2901
2901 2902
2579 2903
2814 2904
2576 2905
2576 2906
2575 2907
2576 2908
2554 2909
2585 2909
2658 2909
2694 2909
2844 2909
2594 2910
2595 2910
2910 2911
2586 2912
2587 2912
2591 2913
2676 2915
2852 2915
2531 2917
2658 2917
2793 2917
2530 2918
2598 2918
2875 2918
2531 2919
2597 2919
2658 2919
2909 2919
2917 2919
2539 2921
2545 2921
2695 2922
2554 2923
2802 2923
2545 2924
2792 2924
2914 2924
2925 2926
2917 2927
2919 2927
2597 2928
2919 2928
2597 2929
2919 2929
2927 2930
2458 2931
2741 2933
2842 2933
2848 2933
2601 2934
2597 2935
2637 2935
2842 2936
2933 2936
2575 2937
2602 2937
2688 2937
2693 2937
2847 2937
2852 2938
2925 2938
2925 2939
2938 2939
2466 2940
2843 2941
2566 2942
2568 2942
2679 2943
2692 2943
2715 2943
2892 2943
2604 2944
2663 2945
2820 2945
2838 2945
2945 2946
2800 2947
2800 2948
2491 2949
2630 2949
491 2950
2950 2951
2543 2953
2729 2953
2821 2953
2826 2953
2866 2953
2605 2954
2606 2954
2954 2955
2605 2956
2445 2957
2605 2957
2956 2957
2712 2958
2956 2958
2486 2959
2549 2959
2608 2960
2663 2960
2820 2960
2867 2960
2607 2961
2609 2961
2961 2962
2610 2964
2963 2964
2576 2965
2602 2965
2641 2966
2916 2966
2472 2967
2620 2967
2641 2967
2448 2968
2782 2968
2815 2968
2782 2969
2968 2969
2663 2970
2838 2970
2615 2971
2554 2972
2716 2972
2812 2972
2846 2972
2575 2973
2693 2973
2937 2973
2618 2974
2723 2974
2618 2975
2619 2975
2975 2976
2620 2977
2814 2977
2868 2977
2904 2977
2788 2978
2815 2978
2621 2979
2716 2979
2972 2979
2624 2980
2696 2980
2625 2981
2944 2981
2775 2982
2843 2982
2629 2983
2804 2983
2815 2984
2978 2984
2681 2985
2985 2986
2630 2987
2811 2987
2879 2987
2884 2987
2630 2988
2489 2990
2577 2990
2629 2991
2985 2991
2989 2991
2440 2992
2464 2992
2623 2994
2939 2995
2554 2996
2802 2996
2894 2997
2543 2998
2799 2998
2801 2998
2952 2998
2881 2999
2554 3000
2894 3001
2672 3002
2782 3002
2774 3003
3002 3003
2687 3004
2775 3004
2982 3004
2458 3005
2672 3005
2781 3005
2521 3006
2534 3006
2596 3006
2671 3006
3007 3008
2671 3009
3006 3009
2728 3010
2782 3010
2737 3011
2807 3011
2458 3012
2781 3012
2968 3012
2704 3013
2746 3013
2794 3013
2815 3013
2494 3015
2578 3015
3014 3015
2494 3017
2503 3017
3016 3017
2491 3018
2495 3018
2497 3018
2514 3018
2535 3018
2765 3018
2827 3018
2847 3019
2655 3020
2933 3021
2695 3022
2695 3023
2898 3024
2661 3025
2841 3026
2672 3027
2797 3027
2865 3029
2695 3030
2937 3034
2937 3035
3034 3035
2953 3036
2516 3037
2811 3037
2852 3039
2915 3039
2654 3041
2741 3042
2761 3042
2884 3042
2933 3042
3038 3042
2741 3043
2933 3043
3042 3043
2451 3044
2577 3044
2523 3046
3045 3046
2523 3048
2932 3048
3047 3048
3028 3049
2506 3050
2602 3050
3028 3050
2688 3051
2923 3052
2974 3053
2980 3055
2538 3056
2549 3056
3006 3057
2716 3058
2885 3059
2490 3061
2609 3061
2726 3062
2727 3062
2729 3063
2960 3064
2734 3065
2965 3067
2703 3068
2543 3069
3070 3071
3025 3072
3047 3074
3071 3074
3073 3074
3045 3076
3075 3076
2784 3077
2658 3078
2694 3078
2500 3079
2814 3080
2858 3081
2747 3082
3073 3082
2748 3083
2749 3084
3075 3084
2750 3085
3070 3085
2751 3086
3075 3086
2752 3087
3072 3087
2753 3088
2754 3089
3076 3089
2755 3090
3071 3090
2485 3091
2689 3091
2485 3092
2690 3092
2698 3094
2445 3095
2957 3095
2586 3096
2881 3096
2554 3097
2844 3097
2909 3097
2575 3098
2688 3099
3051 3099
2688 3100
2759 3100
2767 3101
3032 3102
3083 3102
3091 3102
3033 3103
3088 3103
3092 3103
2705 3104
2663 3105
2838 3105
2970 3105
2456 3106
2725 3106
3040 3106
2816 3107
2987 3108
2795 3109
2960 3110
3064 3110
2797 3111
2880 3112
2882 3112
2534 3113
2543 3113
2766 3113
2501 3114
2531 3114
2580 3114
2652 3115
2490 3116
2604 3116
2814 3117
3080 3117
2880 3118
2882 3118
3112 3118
2994 3119
2994 3120
3119 3120
2865 3121
2960 3122
2865 3123
2988 3123
3029 3123
2539 3124
2539 3125
3005 3126
2852 3127
2853 3127
3093 3128
2554 3129
3031 3129
3060 3129
3093 3129
3124 3129
3125 3129
3128 3129
3031 3130
3060 3130
3128 3130
3129 3130
2852 3131
2853 3131
3127 3131
2820 3132
2838 3132
2945 3132
2971 3133
2698 3134
2698 3135
3134 3135
2869 3136
3047 3136
2870 3137
3045 3138
3072 3138
3137 3138
2916 3139
2939 3141
2554 3142
2816 3143
2672 3144
3002 3144
3118 3145
2693 3146
2564 3147
2885 3147
2564 3148
2885 3148
2960 3149
3064 3149
3110 3149
2554 3150
3129 3150
2799 3151
2801 3151
2801 3152
2797 3153
2840 3153
2879 3154
2884 3154
2987 3154
2546 3155
2576 3155
2657 3156
2852 3157
2853 3157
2915 3157
2938 3157
3140 3157
2596 3158
3006 3158
2586 3159
2718 3159
3066 3160
2960 3162
3122 3162
2928 3164
2929 3165
3010 3166
3073 3167
2920 3168
3070 3168
2808 3169
2940 3170
2942 3171
2694 3172
2498 3173
2847 3174
2937 3174
3019 3174
2543 3175
2933 3175
3021 3175
3161 3175
2798 3176
2656 3177
2826 3178
2656 3179
2826 3179
2534 3180
2596 3180
2693 3181
3146 3181
2531 3182
2919 3182
2530 3187
2875 3187
2918 3187
3066 3187
3160 3187
3186 3187
2555 3188
2634 3188
3185 3188
2608 3189
2654 3189
3184 3189
2450 3190
2887 3190
3183 3190
2698 3191
2882 3191
2979 3192
2979 3193
2738 3194
3175 3195
2843 3196
2992 3197
2881 3198
2993 3198
2999 3198
3054 3198
3163 3198
2816 3199
2879 3199
2586 3200
2711 3200
2663 3201
2820 3201
2945 3201
2661 3202
3072 3202
3066 3203
3160 3203
3187 3203
2978 3204
2633 3205
2577 3206
2447 3207
2543 3208
2729 3208
2642 3209
3009 3210
2712 3211
2799 3212
2801 3212
2998 3212
2644 3213
2847 3214
3019 3214
3174 3214
2489 3215
2586 3216
2675 3216
2711 3216
2473 3217
2477 3218
2478 3219
3218 3219
2484 3220
2712 3221
2671 3222
3006 3222
3009 3222
2799 3223
2801 3223
2940 3224
2494 3225
2494 3226
2503 3227
2503 3228
2456 3229
2839 3229
2513 3230
2881 3231
2999 3231
3198 3231
2516 3232
2984 3233
2522 3234
2527 3235
2984 3236
3233 3236
2645 3237
2645 3238
2807 3239
3011 3239
2646 3240
2646 3241
2937 3242
2560 3243
2560 3244
2466 3245
2717 3245
2894 3246
2997 3246
3118 3247
3145 3247
2578 3248
3008 3248
2578 3249
3123 3250
2840 3251
3153 3251
2590 3252
3235 3252
2489 3253
3215 3253
2799 3254
2801 3254
2647 3255
2648 3256
2648 3257
2648 3258
2648 3259
2648 3260
2648 3261
2649 3262
2693 3263
2712 3264
2958 3264
3010 3265
2729 3266
2953 3266
2617 3267
3230 3267
3235 3267
3252 3267
2788 3268
2978 3268
2701 3269
3009 3270
3210 3270
2698 3271
3134 3271
3135 3271
2501 3272
2631 3273
3220 3273
2650 3274
2650 3275
2853 3276
2852 3277
2853 3277
2915 3277
3039 3277
3276 3277
2577 3278
3206 3278
2853 3279
2466 3280
2717 3280
3245 3280
2915 3281
2575 3282
3098 3282
3282 3283
2632 3284
3189 3284
2554 3285
2802 3285
3031 3285
3129 3285
3130 3285
3142 3285
2694 3287
2793 3287
3172 3287
3286 3287
2728 3288
2612 3289
2651 3289
2612 3290
2651 3290
3289 3291
3290 3292
2553 3293
3295 3296
3297 3298
3299 3300
3298 3311
3310 3311
3312 3313
3296 3315
3300 3315
3314 3315
3317 3318
3313 3322
3323 3324
3297 3326
3298 3327
3322 3329
3328 3329
3300 3330
3324 3332
3331 3332
3298 3334
3311 3334
3313 3334
3333 3334
3295 3335
3313 3337
3318 3337
3336 3337
3325 3343
3341 3343
3342 3343
3308 3345
3324 3346
3348 3349
3338 3350
3348 3350
3313 3352
3337 3352
3318 3353
3316 3356
3355 3356
3311 3358
3357 3358
3313 3360
3359 3360
3321 3361
3347 3361
3353 3362
3361 3362
3353 3363
3330 3366
3353 3366
3317 3367
3368 3369
3369 3370
3369 3371
3379 3380
3379 3381
3295 3389
3318 3393
3318 3394
3359 3396
3401 3402
3348 3403
3402 3403
3346 3404
3407 3411
3408 3411
3294 3412
3409 3412
3410 3412
3411 3412
3343 3414
3417 3418
3320 3419
3308 3421
3318 3422
3354 3424
3424 3426
3424 3427
3425 3427
3338 3430
3429 3430
3417 3431
3374 3432
3375 3432
3376 3432
3417 3432
3418 3432
3356 3433
3377 3433
3297 3434
3315 3436
3332 3436
3356 3438
3300 3441
3300 3442
3443 3445
3387 3446
3301 3447
3302 3447
3446 3448
3446 3449
3303 3451
3323 3455
3454 3455
3312 3456
3405 3457
3457 3458
3457 3459
3311 3461
3462 3463
3463 3464
3310 3465
3464 3465
3310 3466
3460 3466
3463 3466
3330 3467
3360 3467
3307 3468
3304 3469
3305 3469
3306 3469
3413 3469
3416 3469
3468 3469
3308 3470
3469 3470
3308 3471
3469 3471
3322 3472
3330 3473
3345 3473
3319 3474
3309 3475
3364 3476
3311 3478
3311 3479
3469 3480
3378 3481
3481 3482
3317 3484
3311 3485
3313 3485
3437 3486
3485 3486
3354 3487
3486 3487
3487 3488
3294 3489
3491 3492
3494 3497
3320 3498
3453 3498
3330 3499
3489 3499
3494 3500
3495 3500
3498 3500
3494 3501
3496 3501
3498 3501
3495 3502
3496 3502
3498 3502
3415 3503
3468 3503
3468 3504
3297 3507
3506 3507
3508 3511
3510 3512
3511 3513
3512 3513
3509 3514
3512 3514
3499 3516
3372 3517
3412 3518
3412 3520
3518 3521
3371 3524
3498 3526
3525 3526
3469 3527
3439 3528
3468 3528
3423 3529
3342 3530
3435 3530
3531 3532
3421 3533
3401 3535
3317 3537
3483 3537
3299 3539
3538 3539
3308 3541
3321 3543
3474 3545
3450 3546
3490 3546
3321 3547
3321 3548
3504 3551
3515 3551
3415 3552
3515 3552
3295 3553
2 3554
3423 3554
3402 3555
3545 3557
3317 3558
3522 3558
3300 3559
3330 3559
3487 3561
3513 3561
3329 3562
3352 3562
3384 3563
3543 3563
3354 3564
3512 3564
3325 3565
3435 3565
3513 3565
3564 3565
3400 3566
3419 3566
3372 3568
3437 3568
3486 3568
3297 3569
3356 3570
3523 3572
3326 3573
3320 3574
3344 3574
3320 3575
3344 3575
3327 3577
3569 3578
3577 3578
3577 3579
3365 3580
3560 3580
3309 3581
3331 3581
3390 3581
3331 3582
3330 3583
3 3584
3344 3584
3518 3585
3585 3586
2 3587
3330 3587
2 3588
3330 3588
3439 3589
3570 3589
3573 3590
3576 3590
3357 3591
3440 3591
3385 3592
3469 3592
3469 3593
3294 3594
3313 3594
3309 3597
3597 3598
3352 3599
3472 3599
3427 3601
3356 3602
3571 3602
3572 3602
3542 3605
3556 3606
3604 3606
3606 3607
3321 3608
3372 3609
3428 3609
3401 3610
3556 3610
3316 3611
3432 3611
3605 3612
3353 3613
3549 3613
3583 3613
3469 3614
3443 3615
3469 3615
3452 3616
3592 3616
3333 3617
3507 3617
3546 3618
3546 3619
3430 3620
3317 3621
3468 3621
3372 3622
3456 3622
3302 3623
3346 3623
3428 3624
3524 3624
3591 3625
3316 3626
3399 3626
3584 3626
3413 3627
3498 3627
3308 3628
3420 3628
3499 3628
3338 3629
3600 3629
3335 3630
3303 3632
3631 3632
3313 3633
3322 3633
3339 3635
3635 3636
2 3638
3526 3638
3637 3638
3344 3639
3356 3639
3344 3640
3641 3642
3340 3644
3310 3646
3645 3646
3454 3647
3344 3648
3345 3648
3344 3649
3345 3649
3619 3650
3493 3651
3555 3652
3651 3652
3308 3653
3353 3653
3542 3654
3309 3655
3540 3655
3582 3655
3354 3656
3565 3656
3316 3657
3397 3657
3398 3657
3640 3657
3434 3658
3573 3658
3406 3659
3344 3660
3416 3660
3604 3661
3348 3662
3610 3662
3593 3663
3614 3663
3350 3664
3457 3664
3652 3664
3438 3666
3527 3666
3411 3667
3519 3667
3542 3668
3323 3669
3612 3670
3650 3670
3533 3671
3352 3672
3422 3672
3303 3673
3338 3673
3351 3674
3352 3674
3351 3675
3352 3675
3400 3676
3492 3676
3554 3676
3566 3676
3412 3677
3419 3677
3320 3678
3411 3678
3348 3679
3642 3679
3488 3680
3680 3681
3680 3682
3405 3683
3662 3683
3357 3684
3634 3684
3414 3685
3485 3685
3684 3686
3402 3687
3659 3687
3351 3689
3352 3690
3391 3691
3691 3692
3309 3693
3553 3693
3692 3693
3314 3694
3598 3694
3392 3695
3432 3696
3433 3696
3695 3696
3505 3697
3313 3698
3332 3698
3697 3698
3322 3699
3690 3699
3481 3700
3676 3700
3351 3701
3515 3701
3351 3702
3515 3702
3352 3703
3671 3703
3531 3704
3537 3704
3331 3706
3620 3706
3705 3706
3534 3707
3550 3707
3707 3708
3302 3709
3557 3709
3708 3709
3347 3710
3395 3710
3608 3710
3450 3711
3477 3711
3411 3713
3712 3713
3328 3714
3712 3714
3356 3715
3356 3716
3356 3717
3366 3717
3536 3718
3543 3718
3577 3719
3567 3720
3600 3720
3603 3720
3636 3722
3333 3723
3357 3723
3632 3723
3634 3723
3646 3723
3684 3723
3722 3723
3357 3724
3686 3724
3318 3725
3541 3725
3359 3726
3360 3726
3359 3727
3586 3727
3595 3727
3665 3727
3359 3728
3492 3728
3596 3728
3688 3729
3348 3730
3729 3730
3361 3731
3569 3732
3577 3732
3505 3733
3622 3733
3427 3734
3487 3734
3495 3735
3496 3736
3608 3737
3446 3738
3447 3738
3490 3738
3721 3738
3512 3739
3601 3739
3484 3740
3523 3740
3328 3741
3383 3741
3444 3741
3539 3742
3630 3742
3329 3743
3516 3743
3662 3744
3563 3745
3668 3746
3669 3746
3538 3747
3404 3748
3404 3749
3748 3749
3754 3755
3754 3756
3757 3758
3759 3760
3761 3762
3751 3763
3752 3763
3763 3765
3764 3766
3764 3767
3751 3768
484 3770
693 3770
114 3771
3770 3771
3772 3773
3753 3774
3754 3775
3776 3777
3776 3778
3750 3779
3756 3779
727 3782
3780 3782
3781 3782
3771 3783
3772 3784
3755 3785
3762 3785
3784 3785
3782 3786
3784 3786
3785 3786
3786 3788
3787 3788
3762 3789
3763 3789
3764 3790
3788 3790
3781 3791
3758 3793
3759 3793
3776 3793
3792 3793
3751 3794
3752 3794
3794 3795
3774 3796
3795 3796
3775 3798
3777 3798
3778 3798
3785 3798
3797 3798
3782 3799
3786 3799
3797 3800
3798 3801
3767 3802
3782 3802
3796 3803
3803 3804
3753 3805
3803 3805
3807 3808
3776 3810
3811 3812
3813 3814
3780 3817
3817 3818
3816 3820
3811 3822
3816 3822
3793 3823
3823 3824
3772 3826
3825 3826
3828 3829
3830 3831
3812 3832
3815 3832
3831 3833
3833 3834
3835 3836
3784 3837
3830 3838
3767 3839
3768 3839
3769 3839
3807 3839
3814 3839
3839 3840
3839 3841
3784 3842
3784 3843
3825 3843
3813 3844
3841 3844
3808 3845
3839 3845
3844 3845
3772 3848
3847 3848
3816 3850
3832 3850
3835 3851
3780 3852
3851 3852
3853 3854
3797 3855
3780 3856
3835 3856
3828 3857
3854 3857
3787 3858
3810 3858
3848 3860
3859 3860
3854 3862
3839 3863
3775 3864
3806 3864
3827 3864
3835 3864
3852 3864
3806 3865
3812 3865
3864 3865
3866 3867
3784 3869
3860 3869
3782 3871
3783 3871
3870 3871
3780 3872
3846 3873
3868 3873
3846 3874
3874 3875
3809 3876
3797 3877
3797 3878
3877 3878
3876 3879
3784 3880
3835 3880
3819 3881
3823 3882
3882 3883
3759 3884
3885 3886
3787 3887
3797 3888
3855 3889
3888 3889
3818 3890
3818 3891
3888 3891
3787 3892
3876 3893
3780 3894
3824 3894
3809 3895
3789 3896
3790 3896
3830 3896
3831 3896
3838 3896
3849 3896
3868 3896
3873 3896
3875 3896
3787 3897
3821 3897
3813 3899
3898 3899
3830 3901
3896 3901
3900 3901
3808 3902
3863 3902
3861 3903
3892 3903
3826 3904
3861 3904
3875 3904
3903 3904
3794 3905
3866 3905
3867 3905
3879 3905
3885 3905
3886 3905
3895 3905
3786 3906
3905 3906
3839 3907
3867 3907
3837 3908
3864 3908
3815 3909
3827 3909
3889 3910
3891 3910
3884 3911
3873 3912
3824 3913
3856 3913
3824 3914
3862 3915
3886 3915
3872 3916
3894 3916
3797 3917
3872 3917
3878 3917
3882 3917
3883 3918
3911 3918
3917 3918
3802 3919
3827 3919
3837 3919
3899 3919
3912 3919
3834 3920
3896 3920
3849 3921
3896 3921
3776 3922
3810 3922
3776 3923
3793 3923
3914 3923
3840 3924
3898 3924
3924 3925
3881 3926
3902 3926
3909 3926
3763 3927
3849 3928
3896 3928
3904 3928
3803 3929
3805 3929
3874 3930
3758 3931
3810 3931
3758 3932
3931 3932
3750 3933
3763 3933
3898 3934
3919 3934
3797 3935
3763 3936
3789 3936
3753 3937
3803 3937
3791 3938
3798 3938
3767 3939
3804 3939
3893 3939
3799 3940
3799 3941
3799 3942
3769 3944
3779 3944
3943 3944
3803 3945
3828 3945
3810 3946
3764 3947
3950 3951
3949 3957
3957 3958
3959 3960
3961 3963
3962 3963
3957 3964
3958 3966
3965 3966
3955 3967
3956 3970
3968 3970
3969 3970
3970 3972
3971 3972
3971 3973
3948 3974
3951 3976
3952 3976
3949 3979
3958 3980
3960 3980
3977 3980
3978 3980
3979 3980
3952 3981
3980 3981
519 3983
3954 3984
3982 3984
3974 3985
3967 3986
3985 3986
3986 3987
427 3988
3986 3988
3958 3990
3991 3992
3973 3993
3976 3995
3955 3996
3974 3996
3960 3998
3997 3998
3950 3999
3959 4000
3964 4000
3954 4001
3984 4001
4001 4002
3966 4003
3992 4004
3963 4005
3973 4006
3989 4007
4007 4008
3958 4009
3960 4009
3960 4012
3949 4013
3993 4013
3993 4014
3959 4017
3997 4017
4012 4018
4010 4019
3980 4021
4001 4021
4003 4021
4020 4021
3993 4022
2718 4023
2718 4024
3961 4024
2940 4025
3991 4026
4016 4026
4025 4027
3980 4028
4006 4029
4013 4029
3972 4030
4001 4030
4015 4030
4029 4030
4002 4031
3958 4032
4030 4032
4031 4032
4030 4033
3994 4034
4016 4034
4027 4034
3961 4035
4004 4035
4023 4035
4034 4035
2343 4036
3983 4036
4005 4037
4011 4037
4010 4038
4019 4038
3982 4039
4015 4039
4037 4039
4038 4039
4031 4040
4037 4040
3953 4041
3967 4042
4031 4042
4041 4042
4042 4043
4042 4044
3962 4046
4045 4046
4010 4047
4046 4047
3963 4048
4003 4048
4011 4048
3989 4049
4008 4050
4041 4050
4049 4050
3999 4051
4052 4053
4051 4054
4052 4054
3956 4056
4055 4056
3956 4057
4008 4057
4035 4058
4016 4059
4058 4059
4060 4061
4060 4062
3955 4063
4062 4063
3967 4064
4061 4064
3955 4065
3967 4065
3996 4066
4061 4066
4042 4067
4066 4067
3983 4068
3995 4069
4068 4069
4053 4070
4053 4071
4061 4072
3972 4073
4073 4074
4074 4075
4074 4076
4074 4077
3975 4079
3987 4079
4078 4079
4010 4080
4030 4081
4037 4081
4039 4081
4048 4081
4080 4081
4083 4085
4084 4085
4082 4087
4085 4087
4086 4087
4089 4090
4085 4091
4087 4091
4092 4093
2557 4100
4085 4100
4101 4102
4094 4103
4104 4105
4070 4106
4071 4106
4096 4106
4097 4107
4106 4107
4107 4108
4107 4110
4109 4110
4100 4111
482 4112
130 4113
4112 4113
476 4114
4114 4115
4093 4117
4118 4119
109 4121
523 4121
4120 4121
4091 4122
4111 4122
4119 4125
4123 4125
4124 4125
4126 4129
4127 4129
4128 4129
2441 4130
2563 4130
4131 4132
4133 4134
4135 4136
4098 4137
4111 4139
4135 4139
4138 4139
4122 4144
4141 4144
4142 4144
4143 4144
4107 4145
527 4146
4145 4147
4146 4147
4099 4148
4107 4148
2441 4149
4115 4149
4115 4150
4122 4151
4103 4152
4140 4152
4148 4152
4095 4153
4104 4153
4152 4153
4119 4155
4139 4155
4154 4155
4111 4157
4133 4157
4155 4157
4156 4157
4138 4158
4135 4159
4119 4160
4155 4160
4091 4161
4087 4163
4139 4163
4159 4163
4162 4163
4120 4164
4153 4164
571 4165
4121 4165
4164 4165
4153 4166
4088 4167
4168 4169
4168 4170
4148 4172
4171 4172
2622 4173
4088 4173
4100 4173
4116 4173
4163 4173
475 4174
4112 4174
4150 4174
4165 4175
4140 4176
4176 4177
843 4180
4121 4180
4165 4180
4178 4180
4179 4180
4167 4182
4181 4183
4183 4184
4108 4185
4185 4186
4129 4187
4090 4188
4116 4188
4181 4188
4090 4189
4167 4189
4188 4189
4093 4190
4155 4194
4163 4194
4173 4194
4191 4194
4192 4194
4193 4194
4157 4195
4173 4195
4132 4197
4168 4197
4181 4197
4188 4197
4196 4197
3764 4200
3786 4200
3804 4200
3906 4200
4198 4200
4199 4200
4098 4201
4112 4202
4129 4202
4122 4203
4151 4203
4200 4203
4188 4204
4148 4205
4172 4205
4102 4207
4161 4207
4200 4207
4165 4208
4175 4208
4207 4208
4093 4209
4167 4209
4152 4210
4182 4211
565 4212
4116 4212
4134 4212
4188 4212
4152 4213
4113 4214
4208 4214
4167 4215
4190 4215
4152 4216
4164 4217
4216 4217
4091 4218
4161 4218
4207 4218
4088 4219
4173 4219
4188 4219
4195 4219
4206 4219
2544 4220
4165 4220
4219 4220
4112 4222
4129 4222
4202 4222
4221 4222
4098 4223
4137 4223
4222 4223
4158 4224
4139 4225
4104 4226
4183 4227
4102 4228
4200 4228
4158 4229
4158 4230
4159 4231
4159 4232
4159 4233
4158 4234
4194 4235
4204 4236
4204 4237
4138 4239
4118 4240
4118 4241
4101 4242
4156 4243
4111 4244
4238 4244
4101 4245
4098 4246
4098 4247
4247 4248
4247 4249
4156 4250
4162 4252
4128 4253
4154 4254
4196 4255
4204 4257
4196 4258
4156 4259
4138 4260
4101 4261
4204 4262
4204 4263
4215 4265
4256 4265
4264 4265
2622 4266
4251 4266
4196 4267
4088 4268
4112 4269
4161 4270
4225 4271
4225 4272
4225 4273
4225 4274
4225 4275
4225 4276
4095 4280
4277 4280
4278 4280
4279 4280
4176 4281
4099 4282
4099 4283
4099 4284
4189 4285
4094 4286
4120 4286
4205 4287
4205 4288
4166 4289
4166 4290
4181 4291
4280 4292
4292 4293
4292 4294
4292 4295
4182 4296
4182 4297
4182 4298
4182 4299
4089 4300
4187 4301
4219 4302
4302 4303
4302 4304
4203 4305
4103 4306
4213 4306
4103 4307
4306 4308
4210 4309
4210 4310
4210 4311
4210 4312
4210 4313
4211 4314
4211 4315
4211 4316
4211 4317
2557 4318
2622 4318
4102 4318
4129 4318
4175 4318
4187 4318
4222 4318
4300 4319
4300 4320
4115 4321
4285 4322
4285 4323
4130 4324
4130 4325
4149 4326
4150 4327
4329 4332
4330 4332
4333 4336
4335 4336
4333 4337
4333 4341
4334 4341
4340 4341
322 4342
4328 4343
4337 4343
4339 4343
4337 4346
4343 4346
4344 4346
4329 4347
4337 4347
4346 4347
4333 4348
4336 4348
4337 4348
4346 4348
4351 4352
4345 4353
4334 4356
4334 4358
4341 4358
4347 4358
4357 4358
4334 4360
4352 4360
4359 4360
4347 4361
4337 4362
4344 4362
4346 4362
254 4363
4353 4364
4363 4364
4359 4365
4360 4365
4343 4366
4346 4366
4367 4368
4343 4369
4346 4369
4366 4369
4368 4369
4364 4370
4364 4371
4360 4372
4365 4372
4360 4373
4362 4373
4365 4373
4366 4373
4372 4373
4337 4374
4344 4374
4346 4374
4362 4374
4365 4374
4366 4374
4373 4374
4342 4375
4353 4375
4368 4375
4370 4375
4371 4375
4328 4376
4343 4376
4369 4376
4342 4377
4353 4377
4368 4377
4375 4377
4330 4378
4347 4378
4354 4378
4358 4378
4360 4381
4372 4381
4380 4381
4333 4382
4336 4382
4337 4382
4346 4382
4347 4382
4348 4382
4353 4382
4376 4382
4334 4384
4360 4384
4365 4384
4345 4385
4353 4385
4375 4385
4377 4385
4333 4386
4345 4386
4385 4386
4338 4387
4385 4387
4328 4388
4360 4389
4333 4392
4334 4392
4356 4392
4373 4392
4384 4392
4390 4392
4391 4392
4328 4393
4353 4393
4368 4393
4370 4393
4371 4393
4375 4393
4377 4393
4385 4393
4334 4396
4337 4396
4341 4396
4346 4396
4362 4396
4373 4396
4374 4396
4384 4396
4392 4396
4394 4396
4354 4397
4374 4397
4392 4397
4395 4397
4396 4397
4372 4398
4383 4398
4333 4399
4336 4399
4348 4399
4353 4399
4382 4399
4344 4400
4366 4400
4383 4400
4333 4401
4341 4401
4331 4402
4345 4402
4353 4402
4385 4402
4393 4402
4333 4403
4336 4403
4338 4403
4348 4403
4350 4403
4382 4403
4385 4403
4387 4403
4399 4403
4402 4403
4356 4404
4384 4404
4343 4405
4355 4405
4368 4405
4369 4405
4362 4406
4374 4406
4346 4407
4362 4407
4332 4408
4347 4408
4358 4408
4345 4409
4353 4409
4382 4409
4385 4409
4402 4409
4346 4410
4361 4410
4328 4411
4355 4411
4393 4411
4405 4411
4343 4412
4369 4412
4354 4413
4374 4413
4333 4414
4345 4414
4353 4414
4385 4414
4386 4414
4402 4414
4409 4414
4405 4415
264 4416
4379 4416
4387 4416
4352 4417
4359 4417
4360 4417
4372 4417
4381 4417
4347 4418
4349 4418
4358 4418
4347 4419
4362 4419
4346 4420
4362 4420
4421 4422
239 4424
4423 4425
354 4426
355 4427
327 4429
4428 4430
4427 4431
310 4432
4423 4433
4432 4434
291 4436
4422 4436
4433 4436
4435 4436
4422 4437
4436 4437
1120 4438
4437 4440
4438 4440
4439 4440
4438 4442
4440 4442
4441 4442
4422 4443
4437 4443
4442 4443
4428 4444
4443 4444
831 4445
23 4446
2563 4446
24 4447
85 4447
92 4447
476 4447
494 4447
50 4449
86 4449
522 4449
2563 4449
4446 4449
4448 4449
4452 4455
4453 4455
4454 4456
4456 4457
844 4458
515 4459
522 4459
570 4459
830 4459
838 4459
857 4459
2441 4459
4120 4459
4445 4459
4449 4459
4455 4459
4456 4459
4458 4459
100 4460
4459 4460
25 4462
85 4462
133 4462
2563 4462
4447 4462
4461 4462
827 4463
4445 4463
4450 4463
4451 4463
4459 4464
4459 4465
4459 4466
4459 4467
4474 4475
4472 4476
3363 4477
4475 4477
4477 4478
3379 4479
4479 4480
4481 4482
4483 4484
4468 4486
4469 4486
4479 4486
4481 4486
4487 4488
2424 4492
4492 4493
4486 4497
4499 4500
4491 4501
4499 4501
4484 4502
4501 4502
4503 4504
4506 4507
2242 4508
4470 4508
4474 4509
3364 4510
4490 4510
4494 4511
4514 4515
4517 4518
4513 4519
4520 4521
4521 4522
4505 4523
4470 4527
4528 4529
4489 4530
4486 4531
4487 4534
2249 4536
4508 4536
4535 4536
2249 4537
4485 4541
4535 4542
4509 4543
4532 4543
4493 4544
4524 4546
4529 4546
4507 4547
4498 4548
4534 4548
4549 4550
4487 4551
2410 4553
4468 4554
4496 4554
4517 4555
4523 4555
4476 4560
4504 4562
4558 4562
4489 4563
2424 4564
4565 4566
4538 4568
4567 4568
4554 4569
3365 4571
4571 4572
2250 4574
4573 4574
4478 4575
4574 4575
4509 4576
4550 4577
4525 4580
4545 4580
4556 4580
4492 4581
4514 4582
3353 4583
4493 4583
4582 4583
4492 4585
4552 4585
4516 4586
4552 4587
4586 4588
4488 4589
4541 4589
4505 4590
4586 4590
4587 4590
4472 4591
4483 4591
4521 4593
4556 4593
4575 4595
4575 4596
4495 4597
4533 4597
4520 4598
4539 4598
4514 4599
4580 4599
4506 4601
4486 4602
4470 4603
4565 4603
4566 4603
3332 4604
4474 4606
4605 4606
4498 4607
4548 4607
4513 4608
4608 4609
4490 4611
4532 4612
4594 4612
4603 4612
4563 4613
4469 4614
4513 4614
4517 4615
4571 4615
4494 4617
4474 4618
4504 4618
4535 4619
4606 4620
4521 4621
4523 4621
4571 4622
4578 4622
4561 4623
4563 4623
4584 4623
4584 4624
4551 4625
4601 4625
4620 4626
4470 4627
4511 4627
4553 4628
3644 4629
4477 4629
4572 4629
4608 4631
2242 4632
4537 4632
2410 4633
4622 4634
2356 4635
4593 4636
4509 4637
4611 4637
4570 4638
4620 4638
4549 4639
4471 4640
4566 4641
4603 4642
4641 4642
4638 4643
4512 4644
4558 4644
4616 4644
4609 4645
4644 4645
4642 4646
4474 4647
4491 4649
4550 4649
4557 4649
2410 4650
4628 4650
4532 4651
4533 4652
4542 4652
4570 4652
2250 4653
4475 4653
4553 4653
4574 4653
4645 4653
4652 4653
4630 4654
4524 4655
4602 4655
4616 4655
4654 4655
3337 4656
4480 4656
4482 4656
4609 4656
4575 4657
4656 4657
4591 4658
4496 4660
4525 4660
4582 4660
2388 4661
4494 4661
4507 4661
4659 4661
4518 4662
4578 4662
4477 4663
4544 4663
4629 4663
4662 4663
4510 4665
4634 4665
4664 4665
4592 4666
4555 4667
4568 4668
4646 4669
4492 4670
4516 4670
4557 4671
4473 4672
4631 4673
4535 4674
4500 4675
4648 4675
4672 4675
4543 4676
4647 4676
4471 4677
4529 4677
4673 4677
3361 4678
4561 4678
3362 4679
4477 4679
4678 4679
4563 4680
4569 4680
4617 4684
4635 4684
4683 4684
4564 4685
4678 4685
4526 4687
4538 4687
4610 4687
4668 4687
4686 4687
4531 4688
4658 4688
4485 4689
4661 4689
4640 4690
4671 4690
4609 4691
4690 4691
4519 4692
4690 4692
4589 4695
4693 4695
2415 4696
4694 4696
4695 4696
4513 4697
4521 4700
4698 4700
4699 4700
4547 4701
4559 4701
4659 4701
4555 4702
4495 4703
4512 4703
4488 4704
4607 4704
4705 4712
4708 4714
4706 4715
4711 4715
4707 4717
4708 4717
4553 4720
4707 4720
4718 4721
4535 4723
4579 4723
4592 4724
4652 4724
4723 4724
4711 4725
4713 4728
4716 4728
4726 4728
4709 4729
4710 4729
4713 4729
4718 4729
4709 4730
4710 4730
4719 4732
4714 4733
4720 4733
4628 4734
4709 4734
4712 4736
4725 4736
4721 4737
4728 4737
4719 4738
4732 4739
4735 4739
4650 4740
4722 4740
4738 4740
4734 4741
4740 4743
4742 4743
2210 4744
4633 4744
4735 4745
4706 4746
4734 4746
4705 4747
4709 4747
4741 4748
4742 4748
4729 4749
4731 4749
2410 4750
4727 4750
4650 4751
4716 4752
4722 4752
4731 4752
4745 4752
4751 4752
4709 4753
2410 4754
4650 4754
4726 4755
4750 4755
4754 4755
4722 4756
4727 4757
4734 4758
4756 4759
3335 4760
4526 4760
4571 4762
4761 4762
4540 4764
4567 4764
4501 4765
4501 4766
4471 4767
4497 4768
4530 4768
4523 4769
4763 4769
4768 4770
4770 4771
4539 4772
4682 4772
4686 4772
4483 4773
4610 4774
4728 4775
4728 4776
4621 4777
4762 4778
4519 4779
4668 4780
4780 4781
4692 4782
4519 4783
4727 4785
4750 4785
4784 4785
4627 4787
4786 4787
4589 4789
4541 4790
4617 4792
4791 4792
4789 4793
4704 4794
4793 4794
4788 4795
4794 4795
4793 4796
4470 4797
4494 4798
4498 4799
4543 4800
4676 4800
4521 4801
4521 4802
4521 4803
4527 4804
4527 4805
4539 4806
4539 4807
4539 4808
4540 4809
4540 4810
4562 4812
4756 4813
4565 4814
4565 4815
4565 4816
4542 4817
4817 4818
4698 4819
4576 4821
4600 4821
4603 4821
4820 4821
4641 4822
4799 4823
4674 4824
4811 4824
4781 4825
4682 4826
4533 4827
4652 4827
4681 4827
4671 4828
4783 4828
3323 4831
3332 4832
4831 4832
4478 4833
4836 4837
2313 4838
4833 4838
4837 4838
4833 4842
4841 4842
4841 4843
4841 4844
4842 4845
3455 4846
4831 4846
4835 4848
4847 4849
4848 4849
2397 4850
4837 4850
3382 4851
3386 4851
2266 4855
4854 4855
981 4856
4852 4856
2366 4860
4857 4860
4858 4860
4853 4861
4859 4861
4860 4861
3296 4862
4538 4862
3544 4863
4863 4864
3319 4865
3338 4866
4538 4867
4829 4867
4830 4867
4475 4868
4841 4868
4862 4868
4867 4868
4868 4869
4868 4870
4857 4872
4849 4874
4873 4874
4830 4875
3342 4876
3370 4876
3334 4877
3343 4877
4484 4877
4876 4877
4864 4878
3373 4879
3388 4879
4848 4879
4863 4879
4865 4880
4879 4880
4871 4881
4839 4882
4879 4882
139 4883
4853 4883
3349 4884
4849 4884
4877 4884
4829 4885
4837 4885
4875 4885
3643 4886
3650 4886
4875 4886
4878 4886
4886 4887
4842 4888
4865 4888
4887 4888
3346 4889
4887 4889
4833 4890
4888 4890
4889 4890
4839 4891
4873 4891
4874 4892
4852 4893
69 4894
4872 4894
4892 4894
4893 4894
1031 4895
4894 4895
4834 4897
2215 4898
4829 4898
4837 4898
4855 4898
4834 4899
4832 4900
4899 4900
4849 4901
4881 4901
4889 4901
1034 4903
4880 4903
4902 4903
4840 4904
4839 4905
4840 4905
4873 4906
4904 4906
4902 4908
4907 4908
4851 4909
4907 4909
4851 4910
4902 4910
4871 4914
4879 4915
4911 4915
4881 4916
4835 4917
4873 4918
4914 4919
4909 4920
4879 4921
4902 4922
4912 4922
4851 4923
4918 4923
4835 4924
4866 4924
4913 4924
4879 4925
4911 4925
4919 4925
4868 4926
4896 4926
4900 4926
4897 4927
4899 4927
4696 4928
777 4929
4928 4929
4929 4930
4 4931
4931 4932
783 4935
4933 4935
4934 4935
4933 4936
4931 4938
4936 4938
4930 4939
4937 4939
4934 4940
820 4941
4940 4941
